Chervana Court,Bradford,r,53.7824,-1.7095
Chervil Close,Manchester,r,53.4426,-2.2251
Chervil Close,Newcastle-under-Lyme,r,53.004,-2.2240
Chervil Close,Stoke-on-Trent,r,52.9638,-2.0979
Chervil Walk,Wigan,r,53.527,-2.6779
Chervil,Middlesbrough,r,54.5175,-1.2089
