Churston Avenue,Manchester,r,53.5281,-2.2056
Churston Close,Newbottle,r,54.86,-1.4826
Churston Close,Newcastle-under-Lyme,r,52.9832,-2.2261
Churston Place,Stoke-on-Trent,r,53.0433,-2.1697
Churston Road,Chesterfield,r,53.238,-1.4536
Churston Road,Liverpool,r,53.3887,-2.8863
